"","1CC","2CC","3CC","5CC","7CC","10CC","9TT","11TT","12TT"
"Accessory Cells",4.32110620318802,3.40790842872008,4.80471360019438,6.4308121296619,2.710027100271,1.62984913793103,5.28711299285525,3.87860843819393,5.70352199053794
"Dendritic Cells",3.51449971192625,5.99635796045786,3.34689910708862,5.03659811781108,16.8247515808491,17.7464978448276,4.23392431860281,5.53663952627683,4.93253898720869
"Epithelial Cells (1)",9.76570001920492,10.4708636836629,7.52596732065845,6.65737190658766,3.5230352303523,4.53933189655172,4.89018258798624,9.74833456698742,1.971263360785
"Epithelial Cells (2)",5.51181102362205,3.63553590010406,5.2420579481261,3.78180550714535,5.55555555555556,3.44827586206897,9.15056893358031,3.62694300518135,5.27422463641142
"Goblet Cells",5.50220856539274,10.3863163371488,13.7884954139586,6.50052283025444,5.96205962059621,8.47252155172414,7.63164858428156,5.91413767579571,13.5885754336779
"Lymphatic Cells",8.36374111772614,5.73621227887617,5.78873838304076,4.04322063436738,5.90560072267389,18.6759159482759,10.6006880127018,6.07698001480385,9.79498861047836
"MRCs (FW)",15.3351257922028,18.9321019771072,10.8181983842556,12.2168002788428,10.9530261969286,8.06169181034483,11.2992855252712,17.4389341228719,15.5510776239706
"Monocyte Cells",0.84501632417899,1.30723204994797,0.722833019498269,2.1261763680725,3.51174345076784,2.88927801724138,1.82587986239746,2.51665433012583,2.00630804275451
"Neuroepithelial Cells",6.4528519300941,4.35093652445369,7.59885804531373,7.56361101429069,6.71860885275519,6.33081896551724,8.80127017729558,7.59437453737972,5.25670229542667
"Pavement Cells",17.8221624735932,12.8577003121748,16.2424831440199,26.7863367026839,20.2800361336947,14.9919181034483,22.9372849960307,22.7757216876388,18.9591729455055
"Pillar Cells",5.16612252736701,5.76873048907388,5.12057340703396,4.32206343673754,3.01490514905149,2.96336206896552,2.31807356443504,1.68763878608438,2.89118626248467
"Vascular Cells (1)",10.7259458421356,11.9536940686785,11.3831015003341,9.53293830602998,9.16892502258356,6.88981681034483,8.25086001587722,9.30421909696521,8.48957420711407
"Vascular Cells (3)",4.66679469944306,3.01768990634755,5.95274251351516,3.72952248170094,5.22809394760614,2.46497844827586,2.02169886213284,3.019985196151,4.22288417732609
"Vascular Cells (4)",2.0069137699251,2.17872008324662,1.6643382129624,1.27222028581387,0.643631436314363,0.895743534482759,0.751521566551998,0.880829015544041,1.35798142631856
